2011-09-28 14:11:35.918940160
2011-09-28 14:11:36.022056448
2011-09-28 14:11:36.125193216
2011-09-28 14:11:36.228330752
2011-09-28 14:11:36.331467520
2011-09-28 14:11:36.434605312
2011-09-28 14:11:36.537742848
2011-09-28 14:11:36.640875264
2011-09-28 14:11:36.744015616
2011-09-28 14:11:36.847150592
2011-09-28 14:11:36.950290432
2011-09-28 14:11:37.053574912
2011-09-28 14:11:37.156687104
2011-09-28 14:11:37.259822336
2011-09-28 14:11:37.362960640
2011-09-28 14:11:37.466098688
2011-09-28 14:11:37.569235712
2011-09-28 14:11:37.672371456
2011-09-28 14:11:37.775510528
2011-09-28 14:11:37.878647296
2011-09-28 14:11:37.981907712
2011-09-28 14:11:38.085045248
2011-09-28 14:11:38.188179712
2011-09-28 14:11:38.291317504
2011-09-28 14:11:38.394458368
2011-09-28 14:11:38.497592064
2011-09-28 14:11:38.600731136
2011-09-28 14:11:38.703992064
2011-09-28 14:11:38.807128832
2011-09-28 14:11:38.910267136
2011-09-28 14:11:39.013401600
2011-09-28 14:11:39.116540672
2011-09-28 14:11:39.219676416
2011-09-28 14:11:39.322812416
2011-09-28 14:11:39.425952768
2011-09-28 14:11:39.529089280
2011-09-28 14:11:39.632226816
2011-09-28 14:11:39.735361536
