2011-09-29 14:31:16.397990223
2011-09-29 14:31:16.607989364
2011-09-29 14:31:16.817924723
2011-09-29 14:31:17.028030285
2011-09-29 14:31:17.227847300
2011-09-29 14:31:17.437799793
2011-09-29 14:31:17.647824496
2011-09-29 14:31:17.857756391
2011-09-29 14:31:18.057888385
2011-09-29 14:31:18.267855608
2011-09-29 14:31:18.477734080
2011-09-29 14:31:18.687695392
2011-09-29 14:31:18.887683522
2011-09-29 14:31:19.097711807
