2011-09-28 14:11:35.912779776
2011-09-28 14:11:36.015916032
2011-09-28 14:11:36.119053056
2011-09-28 14:11:36.222196992
2011-09-28 14:11:36.325331712
2011-09-28 14:11:36.428467456
2011-09-28 14:11:36.531605504
2011-09-28 14:11:36.634781952
2011-09-28 14:11:36.737881088
2011-09-28 14:11:36.841015808
2011-09-28 14:11:36.944154368
2011-09-28 14:11:37.047411456
2011-09-28 14:11:37.150547968
2011-09-28 14:11:37.253684992
2011-09-28 14:11:37.356822528
2011-09-28 14:11:37.459959296
2011-09-28 14:11:37.563095040
2011-09-28 14:11:37.666237184
2011-09-28 14:11:37.769373952
2011-09-28 14:11:37.872513280
2011-09-28 14:11:37.975768064
2011-09-28 14:11:38.078906112
2011-09-28 14:11:38.182044416
2011-09-28 14:11:38.285220352
2011-09-28 14:11:38.388322048
2011-09-28 14:11:38.491458816
2011-09-28 14:11:38.594595840
2011-09-28 14:11:38.697853440
2011-09-28 14:11:38.800988928
2011-09-28 14:11:38.904136192
2011-09-28 14:11:39.007263488
2011-09-28 14:11:39.110401536
2011-09-28 14:11:39.213538048
2011-09-28 14:11:39.316675072
2011-09-28 14:11:39.419810560
2011-09-28 14:11:39.522949376
2011-09-28 14:11:39.626089728
2011-09-28 14:11:39.729227264
