2011-09-28 14:11:35.965914518
2011-09-28 14:11:36.069083547
2011-09-28 14:11:36.172244412
2011-09-28 14:11:36.275358736
2011-09-28 14:11:36.378521527
2011-09-28 14:11:36.481684177
2011-09-28 14:11:36.584846298
2011-09-28 14:11:36.687964232
2011-09-28 14:11:36.791121151
2011-09-28 14:11:36.894235081
2011-09-28 14:11:36.997398402
2011-09-28 14:11:37.100516729
2011-09-28 14:11:37.203679570
2011-09-28 14:11:37.306841660
2011-09-28 14:11:37.410001901
2011-09-28 14:11:37.513121320
2011-09-28 14:11:37.616281714
2011-09-28 14:11:37.719398658
2011-09-28 14:11:37.822544837
2011-09-28 14:11:37.925722360
2011-09-28 14:11:38.028883738
2011-09-28 14:11:38.132046997
2011-09-28 14:11:38.235210504
2011-09-28 14:11:38.338325713
2011-09-28 14:11:38.441487438
2011-09-28 14:11:38.544650170
2011-09-28 14:11:38.647812750
2011-09-28 14:11:38.750978538
2011-09-28 14:11:38.854139808
2011-09-28 14:11:38.957253716
2011-09-28 14:11:39.060366684
2011-09-28 14:11:39.163533159
2011-09-28 14:11:39.266697342
2011-09-28 14:11:39.369815109
2011-09-28 14:11:39.472977452
2011-09-28 14:11:39.576136675
2011-09-28 14:11:39.679297516
2011-09-28 14:11:39.782457668
