2011-09-28 14:11:35.914332789
2011-09-28 14:11:36.017499032
2011-09-28 14:11:36.120663979
2011-09-28 14:11:36.223801574
2011-09-28 14:11:36.326940131
2011-09-28 14:11:36.430103568
2011-09-28 14:11:36.533265237
2011-09-28 14:11:36.636405265
2011-09-28 14:11:36.739542691
2011-09-28 14:11:36.842678116
2011-09-28 14:11:36.945816741
2011-09-28 14:11:37.048957565
2011-09-28 14:11:37.152098149
2011-09-28 14:11:37.255260615
2011-09-28 14:11:37.358422497
2011-09-28 14:11:37.461561610
2011-09-28 14:11:37.564701517
2011-09-28 14:11:37.667840186
2011-09-28 14:11:37.770971747
2011-09-28 14:11:37.874133598
2011-09-28 14:11:37.977303049
2011-09-28 14:11:38.080465367
2011-09-28 14:11:38.183629466
2011-09-28 14:11:38.286768108
2011-09-28 14:11:38.389906575
2011-09-28 14:11:38.493068804
2011-09-28 14:11:38.596231460
2011-09-28 14:11:38.699395644
2011-09-28 14:11:38.802559173
2011-09-28 14:11:38.905697478
2011-09-28 14:11:39.008810916
2011-09-28 14:11:39.111950638
2011-09-28 14:11:39.215115250
2011-09-28 14:11:39.318256225
2011-09-28 14:11:39.421396280
2011-09-28 14:11:39.524557063
2011-09-28 14:11:39.627717095
2011-09-28 14:11:39.730877592
