2011-09-28 14:11:35.912167936
2011-09-28 14:11:36.015308032
2011-09-28 14:11:36.118443520
2011-09-28 14:11:36.221706240
2011-09-28 14:11:36.324842240
2011-09-28 14:11:36.427978752
2011-09-28 14:11:36.531116288
2011-09-28 14:11:36.634252800
2011-09-28 14:11:36.737389824
2011-09-28 14:11:36.840527872
2011-09-28 14:11:36.943664128
2011-09-28 14:11:37.046798336
2011-09-28 14:11:37.149938944
2011-09-28 14:11:37.253075200
2011-09-28 14:11:37.356214016
2011-09-28 14:11:37.459349248
2011-09-28 14:11:37.562487296
2011-09-28 14:11:37.665747712
2011-09-28 14:11:37.768884736
2011-09-28 14:11:37.872022784
2011-09-28 14:11:37.975159552
2011-09-28 14:11:38.078295552
2011-09-28 14:11:38.181433856
2011-09-28 14:11:38.284575232
2011-09-28 14:11:38.387831040
2011-09-28 14:11:38.490968064
2011-09-28 14:11:38.594106112
2011-09-28 14:11:38.697242880
2011-09-28 14:11:38.800380416
2011-09-28 14:11:38.903516160
2011-09-28 14:11:39.006654720
2011-09-28 14:11:39.109790976
2011-09-28 14:11:39.212927488
2011-09-28 14:11:39.316066560
2011-09-28 14:11:39.419202048
2011-09-28 14:11:39.522337792
2011-09-28 14:11:39.625599488
2011-09-28 14:11:39.728736256
