2011-09-29 14:31:16.400570368
2011-09-29 14:31:16.608182272
2011-09-29 14:31:16.815655680
2011-09-29 14:31:17.023253760
2011-09-29 14:31:17.230735104
2011-09-29 14:31:17.438219520
2011-09-29 14:31:17.645944064
2011-09-29 14:31:17.853550592
2011-09-29 14:31:18.061274368
2011-09-29 14:31:18.268873472
2011-09-29 14:31:18.476475904
2011-09-29 14:31:18.684077568
2011-09-29 14:31:18.891679488
2011-09-29 14:31:19.099288320
