2011-09-28 14:11:35.918915584
2011-09-28 14:11:36.022055680
2011-09-28 14:11:36.125192192
2011-09-28 14:11:36.228331264
2011-09-28 14:11:36.331468032
2011-09-28 14:11:36.434604800
2011-09-28 14:11:36.537742080
2011-09-28 14:11:36.640876032
2011-09-28 14:11:36.744015104
2011-09-28 14:11:36.847151104
2011-09-28 14:11:36.950289920
2011-09-28 14:11:37.053550080
2011-09-28 14:11:37.156686336
2011-09-28 14:11:37.259821568
2011-09-28 14:11:37.362959872
2011-09-28 14:11:37.466098176
2011-09-28 14:11:37.569234944
2011-09-28 14:11:37.672371968
2011-09-28 14:11:37.775509760
2011-09-28 14:11:37.878648064
2011-09-28 14:11:37.981907200
2011-09-28 14:11:38.085044480
2011-09-28 14:11:38.188180224
2011-09-28 14:11:38.291316736
2011-09-28 14:11:38.394457600
2011-09-28 14:11:38.497591296
2011-09-28 14:11:38.600731904
2011-09-28 14:11:38.703992576
2011-09-28 14:11:38.807128064
2011-09-28 14:11:38.910266368
2011-09-28 14:11:39.013402112
2011-09-28 14:11:39.116539904
2011-09-28 14:11:39.219675392
2011-09-28 14:11:39.322811648
2011-09-28 14:11:39.425951744
2011-09-28 14:11:39.529088512
2011-09-28 14:11:39.632226048
2011-09-28 14:11:39.735361024
