2011-09-29 14:31:16.399322112
2011-09-29 14:31:16.606811136
2011-09-29 14:31:16.814404864
2011-09-29 14:31:17.021890048
2011-09-29 14:31:17.229360896
2011-09-29 14:31:17.436970240
2011-09-29 14:31:17.644574976
2011-09-29 14:31:17.852305920
2011-09-29 14:31:18.059891456
2011-09-29 14:31:18.267489280
2011-09-29 14:31:18.475091712
2011-09-29 14:31:18.682820608
2011-09-29 14:31:18.890424832
2011-09-29 14:31:19.097903360
